W_CORNER=178.20621561010105
W_CORNER_PENALTY=-111.5029858890146
W_STABLE=34.818047726515914
W_MOBILITY=39.30173206554101
W_FRONTIER=-9.818701814837844
W_DISC_COUNT=1.3286115907831753
W_EDGE_CONTROL=-49.045800008107655
W_DISC_COUNT_END=7.190592058574907
ENDGAME_THRESHOLD=3
