W_CORNER=142.99991527912087
W_CORNER_PENALTY=-50.64975405686352
W_STABLE=27.75927500439336
W_MOBILITY=38.97643478522203
W_FRONTIER=1.6633270432307663
W_DISC_COUNT=4.793941378639556
W_EDGE_CONTROL=13.922638105614247
W_DISC_COUNT_END=63.526782640750874
ENDGAME_THRESHOLD=45
